00 ff ff ff ff ff ff 00 5a 63 34 2f eb 50 00 00
24 1e 01 03 80 23 14 78 2e ff d5 a9 53 45 a0 25
0d 50 54 bf ef 80 d1 c0 b3 00 a9 40 a9 c0 95 00
90 40 81 80 81 c0 56 5e 00 a0 a0 a0 29 50 30 20
35 00 5e c8 10 00 00 1a 00 00 00 fd 00 32 4c 1e
53 1e 00 0a 20 20 20 20 20 20 00 00 00 fc 00 56
58 32 34 37 38 2d 32 0a 20 20 20 20 00 00 00 ff
00 55 59 4c 32 30 33 36 32 30 37 31 34 0a 01 27
02 03 24 f1 4f 90 05 04 03 02 07 12 13 14 16 1f
20 21 22 01 23 09 7f 07 83 01 00 00 67 03 0c 00
10 00 20 40 02 3a 80 18 71 38 2d 40 58 2c 45 00
0f 28 21 00 00 1e 01 1d 80 18 71 1c 16 20 58 2c
25 00 0f 28 21 00 00 9e 01 1d 00 72 51 d0 1e 20
6e 28 55 00 0f 28 21 00 00 1e 02 3a 80 d0 72 38
2d 40 10 2c 45 80 0f 28 21 00 00 1e 01 1d 80 d0
72 1c 16 20 10 2c 25 80 0f 28 21 00 00 9e 00 50
